60.62177826491071	-35.00000000000003	48.49742261192857	-28.00000000000003	12.124355652982148	-7.000000000000023
7.105427357601002e-15	-2.1316282072803006e-14	3.676416319988413e-15	13.999999999999979	-6.610616792849355e-15	55.99999999999997
-1.0039627830461944e-14	69.99999999999997	12.124355652982132	76.99999999999997	48.49742261192857	97.99999999999994
60.62177826491071	104.99999999999994	72.74613391789286	97.99999999999996	109.1192008768393	76.99999999999999
121.24355652982145	70.0	121.24355652982145	56.0	121.24355652982148	14.0
121.24355652982148	0.0	109.11920087683933	-7.000000000000005	72.74613391789286	-28.00000000000002
181.86533479473212	-35.00000000000003	169.74097914175	-28.00000000000003	133.36791218280356	-7.000000000000023
121.24355652982142	-2.1316282072803006e-14	121.24355652982142	13.999999999999979	121.2435565298214	55.99999999999997
121.2435565298214	69.99999999999997	133.36791218280354	76.99999999999997	169.74097914175	97.99999999999994
181.86533479473212	104.99999999999994	193.98969044771428	97.99999999999996	230.3627574066607	76.99999999999999
242.48711305964287	70.0	242.48711305964287	56.0	242.4871130596429	14.0
242.4871130596429	0.0	230.36275740666073	-7.000000000000005	193.98969044771428	-28.00000000000002
303.10889132455355	-35.00000000000003	290.9845356715714	-28.00000000000003	254.611468712625	-7.000000000000023
242.48711305964287	-2.1316282072803006e-14	242.48711305964287	13.999999999999979	242.48711305964284	55.99999999999997
242.48711305964284	69.99999999999997	254.61146871262497	76.99999999999997	290.9845356715714	97.99999999999994
303.10889132455355	104.99999999999994	315.2332469775357	97.99999999999996	351.60631393648214	76.99999999999999
363.7306695894643	70.0	363.7306695894643	56.0	363.7306695894643	14.0
363.7306695894643	0.0	351.60631393648214	-7.000000000000005	315.2332469775357	-28.00000000000002
7.105427357601002e-15	69.99999999999997	-12.124355652982134	76.99999999999997	-48.497422611928556	97.99999999999997
-60.621778264910695	104.99999999999997	-60.621778264910695	118.99999999999997	-60.62177826491071	160.99999999999997
-60.62177826491071	174.99999999999997	-48.49742261192857	181.99999999999997	-12.124355652982135	202.99999999999994
7.105427357601002e-15	209.99999999999994	12.124355652982155	202.99999999999994	48.4974226119286	182.0
60.621778264910745	175.0	60.62177826491075	161.0	60.621778264910766	119.0
60.62177826491077	105.0	48.49742261192862	98.0	12.12435565298216	76.99999999999997
121.24355652982143	69.99999999999997	109.11920087683929	76.99999999999997	72.74613391789288	97.99999999999997
60.62177826491073	104.99999999999997	60.62177826491073	118.99999999999997	60.621778264910716	160.99999999999997
60.621778264910716	174.99999999999997	72.74613391789286	181.99999999999997	109.11920087683929	202.99999999999994
121.24355652982143	209.99999999999994	133.3679121828036	202.99999999999994	169.74097914175002	182.0
181.86533479473218	175.0	181.86533479473218	161.0	181.8653347947322	119.0
181.8653347947322	105.0	169.74097914175005	98.0	133.3679121828036	76.99999999999997
242.4871130596428	69.99999999999997	230.36275740666068	76.99999999999997	193.98969044771425	97.99999999999997
181.86533479473212	104.99999999999997	181.86533479473212	118.99999999999997	181.8653347947321	160.99999999999997
181.8653347947321	174.99999999999997	193.98969044771422	181.99999999999997	230.36275740666068	202.99999999999994
242.4871130596428	209.99999999999994	254.61146871262497	202.99999999999994	290.9845356715714	182.0
303.10889132455355	175.0	303.10889132455355	161.0	303.10889132455355	119.0
303.10889132455355	105.0	290.9845356715714	98.0	254.61146871262497	76.99999999999997
363.73066958946424	69.99999999999997	351.6063139364821	76.99999999999997	315.2332469775357	97.99999999999997
303.10889132455355	104.99999999999997	303.10889132455355	118.99999999999997	303.10889132455355	160.99999999999997
303.10889132455355	174.99999999999997	315.2332469775357	181.99999999999997	351.6063139364821	202.99999999999994
363.73066958946424	209.99999999999994	375.8550252424464	202.99999999999994	412.2280922013928	182.0
424.352447854375	175.0	424.352447854375	161.0	424.352447854375	119.0
424.352447854375	105.0	412.2280922013928	98.0	375.8550252424464	76.99999999999997
-60.621778264910695	174.99999999999997	-72.74613391789283	181.99999999999997	-109.11920087683926	202.99999999999997
-121.2435565298214	209.99999999999997	-121.2435565298214	223.99999999999997	-121.24355652982142	266.0
-121.24355652982142	280.0	-109.11920087683927	287.0	-72.74613391789285	308.0
-60.6217782649107	315.0	-48.497422611928556	308.0	-12.124355652982112	287.00000000000006
3.552713678800501e-14	280.00000000000006	4.067065334442389e-14	266.00000000000006	5.6101203013680546e-14	224.00000000000006
6.124471957009943e-14	210.00000000000006	-12.124355652982091	203.00000000000003	-48.49742261192854	182.0
60.62177826491071	174.99999999999997	48.49742261192857	181.99999999999997	12.124355652982148	202.99999999999997
7.105427357601002e-15	209.99999999999997	3.676416319988413e-15	223.99999999999997	-6.610616792849355e-15	266.0
-1.0039627830461944e-14	280.0	12.124355652982132	287.0	48.49742261192857	308.0
60.62177826491071	315.0	72.74613391789286	308.0	109.1192008768393	287.00000000000006
121.24355652982145	280.00000000000006	121.24355652982145	266.00000000000006	121.24355652982148	224.00000000000006
121.24355652982148	210.00000000000006	109.11920087683933	203.00000000000003	72.74613391789286	182.0
181.86533479473212	174.99999999999997	169.74097914175	181.99999999999997	133.36791218280356	202.99999999999997
121.24355652982142	209.99999999999997	121.24355652982142	223.99999999999997	121.2435565298214	266.0
121.2435565298214	280.0	133.36791218280354	287.0	169.74097914175	308.0
181.86533479473212	315.0	193.98969044771428	308.0	230.3627574066607	287.00000000000006
242.48711305964287	280.00000000000006	242.48711305964287	266.00000000000006	242.4871130596429	224.00000000000006
242.4871130596429	210.00000000000006	230.36275740666073	203.00000000000003	193.98969044771428	182.0
303.10889132455355	174.99999999999997	290.9845356715714	181.99999999999997	254.611468712625	202.99999999999997
242.48711305964287	209.99999999999997	242.48711305964287	223.99999999999997	242.48711305964284	266.0
242.48711305964284	280.0	254.61146871262497	287.0	290.9845356715714	308.0
303.10889132455355	315.0	315.2332469775357	308.0	351.60631393648214	287.00000000000006
363.7306695894643	280.00000000000006	363.7306695894643	266.00000000000006	363.7306695894643	224.00000000000006
363.7306695894643	210.00000000000006	351.60631393648214	203.00000000000003	315.2332469775357	182.0
424.35244785437493	174.99999999999997	412.22809220139277	181.99999999999997	375.8550252424464	202.99999999999997
363.73066958946424	209.99999999999997	363.73066958946424	223.99999999999997	363.73066958946424	266.0
363.73066958946424	280.0	375.8550252424464	287.0	412.2280922013928	308.0
424.352447854375	315.0	436.47680350735715	308.0	472.84987046630357	287.00000000000006
484.97422611928573	280.00000000000006	484.97422611928573	266.00000000000006	484.97422611928573	224.00000000000006
484.97422611928573	210.00000000000006	472.84987046630357	203.00000000000003	436.4768035073571	182.0
7.105427357601002e-15	280.0	-12.124355652982134	287.0	-48.497422611928556	308.0
-60.621778264910695	315.0	-60.621778264910695	329.0	-60.62177826491071	371.0
-60.62177826491071	385.0	-48.49742261192857	392.0	-12.124355652982135	413.0
7.105427357601002e-15	420.0	12.124355652982155	413.0	48.4974226119286	392.00000000000006
60.621778264910745	385.00000000000006	60.62177826491075	371.00000000000006	60.621778264910766	329.00000000000006
60.62177826491077	315.00000000000006	48.49742261192862	308.00000000000006	12.12435565298216	287.0
121.24355652982143	280.0	109.11920087683929	287.0	72.74613391789288	308.0
60.62177826491073	315.0	60.62177826491073	329.0	60.621778264910716	371.0
60.621778264910716	385.0	72.74613391789286	392.0	109.11920087683929	413.0
121.24355652982143	420.0	133.3679121828036	413.0	169.74097914175002	392.00000000000006
181.86533479473218	385.00000000000006	181.86533479473218	371.00000000000006	181.8653347947322	329.00000000000006
181.8653347947322	315.00000000000006	169.74097914175005	308.00000000000006	133.3679121828036	287.0
242.4871130596428	280.0	230.36275740666068	287.0	193.98969044771425	308.0
181.86533479473212	315.0	181.86533479473212	329.0	181.8653347947321	371.0
181.8653347947321	385.0	193.98969044771422	392.0	230.36275740666068	413.0
242.4871130596428	420.0	254.61146871262497	413.0	290.9845356715714	392.00000000000006
303.10889132455355	385.00000000000006	303.10889132455355	371.00000000000006	303.10889132455355	329.00000000000006
303.10889132455355	315.00000000000006	290.9845356715714	308.00000000000006	254.61146871262497	287.0
363.73066958946424	280.0	351.6063139364821	287.0	315.2332469775357	308.0
303.10889132455355	315.0	303.10889132455355	329.0	303.10889132455355	371.0
303.10889132455355	385.0	315.2332469775357	392.0	351.6063139364821	413.0
363.73066958946424	420.0	375.8550252424464	413.0	412.2280922013928	392.00000000000006
424.352447854375	385.00000000000006	424.352447854375	371.00000000000006	424.352447854375	329.00000000000006
424.352447854375	315.00000000000006	412.2280922013928	308.00000000000006	375.8550252424464	287.0
60.62177826491071	385.0	48.49742261192857	392.0	12.124355652982148	413.0
7.105427357601002e-15	420.0	3.676416319988413e-15	434.0	-6.610616792849355e-15	476.0
-1.0039627830461944e-14	490.0	12.124355652982132	497.0	48.49742261192857	518.0
60.62177826491071	525.0	72.74613391789286	518.0	109.1192008768393	497.00000000000006
121.24355652982145	490.00000000000006	121.24355652982145	476.00000000000006	121.24355652982148	434.00000000000006
121.24355652982148	420.00000000000006	109.11920087683933	413.00000000000006	72.74613391789286	392.0
181.86533479473212	385.0	169.74097914175	392.0	133.36791218280356	413.0
121.24355652982142	420.0	121.24355652982142	434.0	121.2435565298214	476.0
121.2435565298214	490.0	133.36791218280354	497.0	169.74097914175	518.0
181.86533479473212	525.0	193.98969044771428	518.0	230.3627574066607	497.00000000000006
242.48711305964287	490.00000000000006	242.48711305964287	476.00000000000006	242.4871130596429	434.00000000000006
242.4871130596429	420.00000000000006	230.36275740666073	413.00000000000006	193.98969044771428	392.0
303.10889132455355	385.0	290.9845356715714	392.0	254.611468712625	413.0
242.48711305964287	420.0	242.48711305964287	434.0	242.48711305964284	476.0
242.48711305964284	490.0	254.61146871262497	497.0	290.9845356715714	518.0
303.10889132455355	525.0	315.2332469775357	518.0	351.60631393648214	497.00000000000006
363.7306695894643	490.00000000000006	363.7306695894643	476.00000000000006	363.7306695894643	434.00000000000006
363.7306695894643	420.00000000000006	351.60631393648214	413.00000000000006	315.2332469775357	392.0
60.62177826491071	-35.00000000000003
7.105427357601002e-15	-2.1316282072803006e-14
-1.4671002364304711e-15	69.99999999999997
60.621778264910745	104.99999999999996
121.24355652982143	69.99999999999999
121.24355652982145	-1.0658141036401503e-14
181.86533479473212	-35.00000000000003
181.86533479473215	104.99999999999996
242.48711305964284	69.99999999999999
242.48711305964287	-1.0658141036401503e-14
303.10889132455355	-35.00000000000003
303.10889132455355	104.99999999999996
363.73066958946424	69.99999999999999
363.7306695894643	0.0
-60.621778264910695	104.99999999999997
-60.6217782649107	174.99999999999997
2.5151858095100478e-14	210.0
60.62177826491072	175.0
121.24355652982145	210.0
181.86533479473212	175.0
242.48711305964287	210.0
303.10889132455355	175.0
363.73066958946424	210.0
424.352447854375	175.0
424.352447854375	105.0
-121.2435565298214	209.99999999999997
-121.24355652982142	280.0
-60.6217782649107	315.0
1.0864312105048022e-14	280.0
60.621778264910745	315.0
121.24355652982143	280.0
181.86533479473215	315.0
242.48711305964284	280.0
303.10889132455355	315.0
363.73066958946424	280.0
424.352447854375	315.0
484.97422611928573	280.00000000000006
484.97422611928573	210.00000000000006
-60.62177826491071	385.0
7.105427357601002e-15	420.0
60.62177826491072	385.0
121.24355652982145	420.0
181.86533479473212	385.0
242.48711305964287	420.0
303.10889132455355	385.0
363.73066958946424	420.0
424.352447854375	385.00000000000006
-1.0039627830461944e-14	490.0
60.62177826491071	525.0
121.24355652982143	490.0
181.86533479473212	525.0
242.48711305964287	490.0
303.10889132455355	525.0
363.7306695894643	490.00000000000006
48.49742261192857	-28.00000000000003	12.124355652982148	-7.000000000000023
3.676416319988413e-15	13.999999999999979	-6.610616792849355e-15	55.99999999999997
12.124355652982146	76.99999999999997	48.4974226119286	97.99999999999997
72.74613391789288	97.99999999999997	109.1192008768393	76.99999999999997
121.24355652982143	55.999999999999986	121.24355652982145	13.99999999999999
109.11920087683933	-7.000000000000005	72.74613391789286	-28.00000000000002
169.74097914175	-28.00000000000003	133.36791218280356	-7.000000000000023
133.36791218280356	76.99999999999997	169.74097914175002	97.99999999999997
193.98969044771428	97.99999999999997	230.3627574066607	76.99999999999997
242.48711305964287	55.999999999999986	242.48711305964287	13.99999999999999
230.36275740666073	-7.000000000000005	193.98969044771428	-28.00000000000002
290.9845356715714	-28.00000000000003	254.611468712625	-7.000000000000023
254.61146871262497	76.99999999999997	290.9845356715714	97.99999999999997
315.2332469775357	97.99999999999997	351.60631393648214	76.99999999999997
363.7306695894643	56.0	363.7306695894643	14.0
351.60631393648214	-7.000000000000005	315.2332469775357	-28.00000000000002
-12.124355652982134	76.99999999999997	-48.497422611928556	97.99999999999997
-60.621778264910695	118.99999999999997	-60.62177826491071	160.99999999999997
-48.497422611928556	182.0	-12.124355652982114	203.0
12.124355652982151	202.99999999999994	48.497422611928585	182.0
60.62177826491073	161.0	60.621778264910745	118.99999999999999
72.74613391789286	182.0	109.1192008768393	203.0
133.3679121828036	202.99999999999994	169.74097914175002	182.0
181.86533479473212	161.0	181.86533479473218	118.99999999999999
193.98969044771425	182.0	230.3627574066607	203.0
254.61146871262497	202.99999999999994	290.9845356715714	182.0
303.10889132455355	161.0	303.10889132455355	118.99999999999999
315.2332469775357	182.0	351.60631393648214	203.0
375.8550252424464	202.99999999999994	412.22809220139277	182.0
424.352447854375	161.0	424.352447854375	119.0
412.2280922013928	98.0	375.8550252424464	76.99999999999997
-72.74613391789283	181.99999999999997	-109.11920087683926	202.99999999999997
-121.2435565298214	223.99999999999997	-121.24355652982142	266.0
-109.11920087683927	287.0	-72.74613391789285	308.0
-48.497422611928556	308.0	-12.124355652982123	287.0
1.703001827578727e-14	266.0	2.988880966683448e-14	224.0
12.124355652982146	287.0	48.4974226119286	308.0
72.74613391789288	308.0	109.1192008768393	287.0
121.24355652982143	266.0	121.24355652982145	224.0
133.36791218280356	287.0	169.74097914175002	308.0
193.98969044771428	308.0	230.3627574066607	287.0
242.48711305964287	266.0	242.48711305964287	224.0
254.61146871262497	287.0	290.9845356715714	308.0
315.2332469775357	308.0	351.60631393648214	287.0
363.73066958946424	266.0	363.73066958946424	224.0
375.8550252424464	287.0	412.2280922013928	308.0
436.47680350735715	308.0	472.84987046630357	287.00000000000006
484.97422611928573	266.00000000000006	484.97422611928573	224.00000000000006
472.84987046630357	203.00000000000003	436.4768035073571	182.0
-60.621778264910695	329.0	-60.62177826491071	371.0
-48.49742261192857	392.0	-12.124355652982135	413.0
12.124355652982151	413.0	48.497422611928585	392.0
60.62177826491073	371.0	60.621778264910745	329.0
72.74613391789286	392.0	109.1192008768393	413.0
133.3679121828036	413.0	169.74097914175002	392.0
181.86533479473212	371.0	181.86533479473218	329.0
193.98969044771425	392.0	230.3627574066607	413.0
254.61146871262497	413.0	290.9845356715714	392.0
303.10889132455355	371.0	303.10889132455355	329.0
315.2332469775357	392.0	351.60631393648214	413.0
375.8550252424464	413.0	412.2280922013928	392.00000000000006
424.352447854375	371.00000000000006	424.352447854375	329.00000000000006
3.676416319988413e-15	434.0	-6.610616792849355e-15	476.0
12.124355652982132	497.0	48.49742261192857	518.0
72.74613391789286	518.0	109.1192008768393	497.00000000000006
121.24355652982143	476.0	121.24355652982145	434.0
133.36791218280354	497.0	169.74097914175	518.0
193.98969044771428	518.0	230.3627574066607	497.00000000000006
242.48711305964287	476.0	242.48711305964287	434.0
254.61146871262497	497.0	290.9845356715714	518.0
315.2332469775357	518.0	351.60631393648214	497.00000000000006
363.7306695894643	476.00000000000006	363.7306695894643	434.00000000000006
